python -m covgen target/uri_2812.py -m hillclimbing 
[func]
1T: Inputs-> -4529.37 -9368.02 9023.84 7166.16 -1482.87 767.3 9290.93 368.13 -3327.6 -8857.57 -1668.24
1F: Inputs-> -4529.37 -9368.02 9023.84 7166.16 -1482.87 767.3 9290.93 368.13 -3327.6 -8857.57 -1668.24
2T: Inputs-> -4529.37 -9368.02 9023.84 7166.16 -1482.87 767.3 9290.93 368.13 -3327.6 -8857.57 -1668.24
2F: Inputs-> -4529.37 -9367 9023.84 7166.16 -1482.87 767.3 9290.93 368.13 -3327.6 -8857.57 -1668.24
3T: Inputs-> -4529.37 -9368.02 9023.84 7166.16 -1482.87 767.3 9290.93 368.13 -3327.6 -8857.57 -1668.24
3F: Inputs-> -4529.37 -9367 9023.84 7166.16 -1482.87 767.3 9290.93 368.13 -3327.6 -8857.57 -1668.24
4T: Inputs-> -4529.37 -9367 9023.84 7166.16 -1482.87 767.3 9290.93 368.13 -3327.6 -8857.57 -1668.24
4F: Inputs-> -4529.37 -9367 9023.84 7166.16 -1482.87 767.3 9290.93 368.13 -3327.6 -8857.57 -1668.24

.......FIM.......